Iteration 0
Elite Score: 369
Pheromone levels: [0.1 0.1 0.1 0.1 0.1 0.1 0.1 0.1 0.1 0.1 0.1 0.1 0.1 0.1 0.1 0.1 0.1 0.1 0.1 0.1 0.1 0.1 0.1 0.1 0.1 0.1 0.1 0.1 0.1 0.1 0.1 0.1 0.1 0.1 0.1 0.1 0.1 0.1 0.1 0.1 0.1 0.1 0.1 0.1 0.1 0.1 0.1 0.1 0.1 0.1 0.1 0.1 0.1 0.1 0.1 0.1 0.1 0.1 0.1 0.1 0.1 0.1 0.1 0.1 0.1 0.1 0.1 0.1 0.1 0.1 0.1 0.1 0.1 0.1 0.1 0.1 0.1 0.1 0.1 0.1 0.1 0.1 ]
Iteration 1
Elite Score: 369
Pheromone levels: [0.08 0.08 0.08 0.08 0.08 0.08 0.08 0.08 0.08 0.08 0.08 0.08 0.082168 0.08 0.08 0.08 0.08 0.08 0.08 0.082168 0.08 0.08 0.08 0.08 0.08 0.08 0.08 0.08 0.08 0.08 0.08 0.08 0.08 0.08 0.08 0.08 0.08 0.08 0.082168 0.08 0.08 0.08 0.082168 0.08 0.08 0.08 0.08 0.08 0.08 0.082168 0.08 0.08 0.08 0.08 0.08 0.08 0.08 0.08 0.082168 0.08 0.08 0.08 0.08 0.08 0.08 0.08 0.08 0.08 0.08 0.08 0.08 0.08 0.082168 0.08 0.08 0.08 0.08 0.08 0.08 0.08 0.08 0.08 ]
Iteration 2
Elite Score: 338
Pheromone levels: [0.064 0.064 0.064 0.064 0.064 0.0661622 0.064 0.064 0.064 0.064 0.064 0.064 0.0657344 0.064 0.064 0.064 0.064 0.064 0.064 0.0657344 0.064 0.064 0.064 0.064 0.0661622 0.064 0.0661622 0.064 0.064 0.064 0.064 0.064 0.064 0.064 0.064 0.064 0.064 0.064 0.0657344 0.0661622 0.064 0.064 0.0657344 0.064 0.064 0.064 0.064 0.064 0.064 0.0678966 0.064 0.064 0.064 0.064 0.064 0.064 0.064 0.064 0.0657344 0.064 0.064 0.064 0.064 0.064 0.0661622 0.064 0.064 0.064 0.064 0.064 0.064 0.064 0.0678966 0.064 0.064 0.064 0.064 0.064 0.064 0.064 0.064 0.064 ]
Iteration 3
Elite Score: 338
Pheromone levels: [0.0512 0.0512 0.0512 0.0512 0.0512 0.0529297 0.0512 0.0512 0.0535669 0.0512 0.0512 0.0512 0.0525875 0.0535669 0.0512 0.0512 0.0512 0.0512 0.0512 0.0549544 0.0512 0.0512 0.0512 0.0512 0.0529297 0.0512 0.0529297 0.0512 0.0512 0.0512 0.0512 0.0512 0.0512 0.0512 0.0512 0.0512 0.0512 0.0535669 0.0525875 0.0552966 0.0512 0.0512 0.0525875 0.0535669 0.0512 0.0512 0.0512 0.0512 0.0512 0.0543173 0.0512 0.0512 0.0512 0.0512 0.0512 0.0512 0.0512 0.0512 0.0549544 0.0512 0.0512 0.0512 0.0512 0.0512 0.0529297 0.0512 0.0512 0.0512 0.0512 0.0512 0.0512 0.0512 0.0543173 0.0512 0.0512 0.0512 0.0512 0.0512 0.0512 0.0512 0.0512 0.0512 ]
Iteration 4
Elite Score: 338
Pheromone levels: [0.0432655 0.04096 0.04096 0.04096 0.04096 0.0423438 0.04096 0.04096 0.0428535 0.04096 0.04096 0.04096 0.04207 0.0428535 0.04096 0.04096 0.04096 0.04096 0.04096 0.0439635 0.04096 0.04096 0.04096 0.04096 0.0423438 0.04096 0.0423438 0.0432655 0.04096 0.04096 0.04096 0.04096 0.04096 0.04096 0.04096 0.04096 0.04096 0.0428535 0.04207 0.0442373 0.04096 0.04096 0.04207 0.0428535 0.04096 0.04096 0.04096 0.0432655 0.04096 0.0457593 0.04096 0.04096 0.04096 0.04096 0.04096 0.04096 0.0432655 0.04096 0.046269 0.04096 0.04096 0.04096 0.04096 0.04096 0.0423438 0.04096 0.04096 0.04096 0.04096 0.04096 0.04096 0.04096 0.0457593 0.04096 0.04096 0.04096 0.04096 0.04096 0.04096 0.04096 0.04096 0.04096 ]
Iteration 5
Elite Score: 338
Pheromone levels: [0.0346124 0.032768 0.032768 0.032768 0.032768 0.0360372 0.0349302 0.032768 0.036445 0.032768 0.032768 0.0349302 0.033656 0.0342828 0.032768 0.032768 0.032768 0.032768 0.032768 0.0351708 0.0349302 0.032768 0.032768 0.032768 0.0360372 0.032768 0.033875 0.0346124 0.032768 0.032768 0.032768 0.032768 0.032768 0.032768 0.032768 0.032768 0.032768 0.0342828 0.033656 0.0353898 0.032768 0.032768 0.033656 0.0342828 0.032768 0.032768 0.032768 0.0346124 0.032768 0.0366074 0.032768 0.032768 0.032768 0.032768 0.032768 0.032768 0.0346124 0.032768 0.0370152 0.032768 0.032768 0.032768 0.032768 0.032768 0.033875 0.032768 0.032768 0.032768 0.032768 0.032768 0.032768 0.0349302 0.0366074 0.032768 0.032768 0.032768 0.032768 0.032768 0.032768 0.032768 0.032768 0.032768 ]
Iteration 6
Elite Score: 283
Pheromone levels: [0.0276899 0.0262144 0.0262144 0.0262144 0.0262144 0.0288298 0.0279441 0.0262144 0.029156 0.0262144 0.0262144 0.0301788 0.0269248 0.0274262 0.0262144 0.0262144 0.0262144 0.0262144 0.0262144 0.0281367 0.0301788 0.0262144 0.0262144 0.0262144 0.0288298 0.0262144 0.0271 0.0276899 0.0262144 0.0262144 0.0262144 0.0262144 0.0262144 0.0262144 0.0262144 0.0262144 0.0262144 0.0274262 0.0269248 0.0305465 0.0262144 0.0262144 0.0269248 0.0274262 0.0262144 0.0262144 0.0262144 0.0276899 0.0262144 0.0292859 0.0262144 0.0262144 0.028449 0.0262144 0.0262144 0.0262144 0.0276899 0.0262144 0.0318468 0.0262144 0.0262144 0.0262144 0.0262144 0.0262144 0.0271 0.0262144 0.0262144 0.0262144 0.0262144 0.0262144 0.0262144 0.0279441 0.0292859 0.0262144 0.0262144 0.028449 0.028449 0.0262144 0.0262144 0.0262144 0.0262144 0.0262144 ]
Iteration 7
Elite Score: 283
Pheromone levels: [0.0221519 0.0209715 0.0209715 0.0209715 0.0209715 0.0230638 0.0251822 0.0209715 0.0233248 0.0209715 0.0209715 0.024143 0.0215399 0.021941 0.0237984 0.0237984 0.0209715 0.0209715 0.0209715 0.0225093 0.024143 0.0209715 0.0209715 0.0209715 0.0230638 0.0209715 0.02168 0.0221519 0.0209715 0.0209715 0.0209715 0.0209715 0.0209715 0.0209715 0.0209715 0.0209715 0.0209715 0.021941 0.0215399 0.0244372 0.0209715 0.0209715 0.0215399 0.021941 0.0209715 0.0209715 0.0209715 0.0221519 0.0209715 0.0234288 0.0209715 0.0209715 0.0227592 0.0237984 0.0209715 0.0209715 0.0221519 0.0209715 0.0283043 0.0237984 0.0209715 0.0209715 0.0209715 0.0209715 0.02168 0.0209715 0.0209715 0.0209715 0.0209715 0.0209715 0.0209715 0.0223553 0.0262556 0.0209715 0.0209715 0.0227592 0.0227592 0.0209715 0.0209715 0.0209715 0.0209715 0.0209715 ]
Iteration 8
Elite Score: 283
Pheromone levels: [0.0177215 0.0167772 0.0167772 0.0167772 0.0167772 0.018451 0.0201457 0.0167772 0.0211214 0.0167772 0.0192388 0.0193144 0.0172319 0.0175528 0.0190387 0.0190387 0.0167772 0.0167772 0.0167772 0.0180075 0.0193144 0.0167772 0.0167772 0.0167772 0.018451 0.0167772 0.017344 0.0177215 0.0167772 0.0167772 0.0167772 0.0167772 0.0167772 0.0167772 0.0167772 0.0167772 0.0167772 0.0175528 0.0172319 0.0195498 0.0167772 0.0167772 0.0196934 0.0175528 0.0167772 0.0167772 0.0167772 0.0177215 0.0167772 0.018743 0.0167772 0.0167772 0.0182074 0.0215002 0.0167772 0.0167772 0.0177215 0.0167772 0.025105 0.0190387 0.0192388 0.0167772 0.0167772 0.0167772 0.017344 0.0167772 0.0167772 0.0192388 0.0167772 0.0167772 0.0167772 0.0178842 0.0210045 0.0167772 0.0167772 0.0182074 0.0182074 0.0167772 0.0167772 0.0167772 0.0167772 0.0167772 ]
Iteration 9
Elite Score: 283
Pheromone levels: [0.0141772 0.0134218 0.0134218 0.0134218 0.0134218 0.016923 0.0161166 0.0134218 0.0190592 0.0134218 0.015391 0.0154515 0.0137855 0.0140422 0.015231 0.015231 0.0134218 0.0134218 0.0134218 0.014406 0.0154515 0.0134218 0.0134218 0.0134218 0.0147608 0.0134218 0.0138752 0.0141772 0.0134218 0.0134218 0.0155839 0.0134218 0.0134218 0.0134218 0.0134218 0.0134218 0.0134218 0.0140422 0.0159477 0.0156398 0.0134218 0.0134218 0.0157547 0.0140422 0.0134218 0.0134218 0.0134218 0.0141772 0.0155839 0.0149944 0.0134218 0.0134218 0.0145659 0.0172002 0.0134218 0.0134218 0.0141772 0.0134218 0.020084 0.015231 0.015391 0.0134218 0.0134218 0.0155839 0.0160374 0.0134218 0.0134218 0.015391 0.0134218 0.0134218 0.0134218 0.0143074 0.0168036 0.0134218 0.0134218 0.0145659 0.0145659 0.0134218 0.0134218 0.0134218 0.0134218 0.0134218 ]
Iteration 10
Elite Score: 283
Pheromone levels: [0.0113418 0.0107374 0.0107374 0.0107374 0.0107374 0.0157006 0.0128933 0.0107374 0.0152474 0.0128996 0.0123128 0.0123612 0.0110284 0.0112338 0.0143469 0.0121848 0.0107374 0.0107374 0.0107374 0.0115248 0.0123612 0.0107374 0.0107374 0.0107374 0.0118087 0.0107374 0.0111002 0.0135039 0.0107374 0.0107374 0.0124671 0.0107374 0.0107374 0.0107374 0.0107374 0.0128996 0.0107374 0.0133959 0.0127581 0.0125118 0.0107374 0.0107374 0.0126038 0.0112338 0.0107374 0.0107374 0.0107374 0.0113418 0.0124671 0.0119955 0.0107374 0.0107374 0.0116527 0.0137602 0.0107374 0.0107374 0.0113418 0.0107374 0.0160672 0.0121848 0.0123128 0.0107374 0.0107374 0.0124671 0.0128299 0.0107374 0.0107374 0.0123128 0.0107374 0.0107374 0.0107374 0.0114459 0.0134429 0.0107374 0.0107374 0.0116527 0.0138149 0.0107374 0.0107374 0.0107374 0.0107374 0.0107374 ]
Iteration 11
Elite Score: 283
Pheromone levels: [0.0112356 0.00858993 0.00858993 0.00858993 0.00858993 0.0147226 0.0103146 0.00858993 0.0121979 0.0103197 0.00985024 0.00988898 0.00882272 0.00898703 0.0114775 0.00974781 0.00858993 0.00858993 0.00858993 0.00921982 0.00988898 0.00858993 0.00858993 0.00858993 0.00944693 0.00858993 0.00888014 0.0108032 0.00858993 0.00858993 0.00997372 0.00858993 0.00858993 0.00858993 0.00858993 0.0103197 0.00858993 0.0128789 0.0102065 0.0100095 0.00858993 0.0107521 0.0122452 0.00898703 0.00858993 0.00858993 0.00858993 0.00907343 0.00997372 0.00959642 0.00858993 0.00858993 0.00932218 0.0110081 0.00858993 0.00858993 0.00907343 0.00858993 0.0128537 0.00974781 0.00985024 0.00858993 0.0107521 0.00997372 0.0102639 0.00858993 0.00858993 0.00985024 0.00858993 0.00858993 0.00858993 0.00915673 0.0129165 0.00858993 0.00858993 0.00932218 0.0110519 0.00858993 0.00858993 0.00858993 0.00858993 0.00858993 ]
Iteration 12
Elite Score: 283
Pheromone levels: [0.0112939 0.00687195 0.00687195 0.00687195 0.00687195 0.0117781 0.00825169 0.00687195 0.00975833 0.00825573 0.00788019 0.00791118 0.00705818 0.00718962 0.00918204 0.00779825 0.00687195 0.00687195 0.00687195 0.00737585 0.00791118 0.00687195 0.00687195 0.00687195 0.00755755 0.00687195 0.00940958 0.00864253 0.00687195 0.00687195 0.00797897 0.00687195 0.00687195 0.00687195 0.00687195 0.00825573 0.00687195 0.0103031 0.00816521 0.00800758 0.00687195 0.00860168 0.0121016 0.00718962 0.00687195 0.00687195 0.00687195 0.00956422 0.00797897 0.00767713 0.00687195 0.00687195 0.00745774 0.0088065 0.00687195 0.00687195 0.00725874 0.00687195 0.0125885 0.00779825 0.00788019 0.00687195 0.00860168 0.0102845 0.00821114 0.00687195 0.00687195 0.00788019 0.00687195 0.00687195 0.00687195 0.00732539 0.0103332 0.00687195 0.00687195 0.00745774 0.011147 0.00687195 0.00687195 0.00687195 0.00687195 0.00687195 ]
Iteration 13
Elite Score: 283
Pheromone levels: [0.00903516 0.00549756 0.00549756 0.00549756 0.00549756 0.00942247 0.00660135 0.00549756 0.00780667 0.00660459 0.00630416 0.00632895 0.00564654 0.0057517 0.00734563 0.0062386 0.00549756 0.00549756 0.00549756 0.00590068 0.00632895 0.00549756 0.00549756 0.00549756 0.00604604 0.00549756 0.00752767 0.00691402 0.00549756 0.00549756 0.00638318 0.00549756 0.00549756 0.00549756 0.00549756 0.00896447 0.00549756 0.0106024 0.00653217 0.00640606 0.00549756 0.00688134 0.0096813 0.0057517 0.00549756 0.00549756 0.00549756 0.00765137 0.00638318 0.00614171 0.00549756 0.00549756 0.0059662 0.0070452 0.00549756 0.00549756 0.00580699 0.00549756 0.0124307 0.0062386 0.00630416 0.00785744 0.00688134 0.00822756 0.00892879 0.00549756 0.00549756 0.00630416 0.00549756 0.00549756 0.00549756 0.00822019 0.00826653 0.00549756 0.00549756 0.0059662 0.0112775 0.00549756 0.00549756 0.00549756 0.00549756 0.00549756 ]
Iteration 14
Elite Score: 283
Pheromone levels: [0.00958801 0.00439805 0.00439805 0.00439805 0.00675793 0.00753798 0.00764096 0.00439805 0.00624533 0.00528367 0.00504332 0.00506316 0.00451723 0.00460136 0.0058765 0.00499088 0.00439805 0.00439805 0.00439805 0.00472055 0.00506316 0.00439805 0.00439805 0.00439805 0.00483683 0.00439805 0.00602213 0.00553122 0.00439805 0.00439805 0.00510654 0.00439805 0.00439805 0.00439805 0.00439805 0.00717157 0.00439805 0.0108418 0.00522573 0.00512485 0.00439805 0.00550507 0.0101049 0.00460136 0.00439805 0.00439805 0.00439805 0.0061211 0.00510654 0.00491337 0.00439805 0.00439805 0.00477296 0.00563616 0.00439805 0.00439805 0.0046456 0.00439805 0.0123044 0.00499088 0.00504332 0.00628595 0.00550507 0.00658205 0.00714303 0.00439805 0.00439805 0.00504332 0.00439805 0.00439805 0.00439805 0.00657615 0.00897311 0.00439805 0.00439805 0.00477296 0.00902199 0.00439805 0.00439805 0.00439805 0.00439805 0.00439805 ]
Iteration 15
Elite Score: 283
Pheromone levels: [0.00767041 0.00351844 0.00351844 0.00351844 0.00540634 0.00603038 0.00611277 0.00351844 0.00761065 0.00422693 0.00403466 0.00405053 0.00361379 0.00368109 0.0047012 0.0039927 0.00351844 0.00351844 0.00351844 0.00377644 0.00405053 0.00613282 0.00351844 0.00613282 0.00386946 0.00351844 0.00481771 0.00442497 0.00351844 0.00351844 0.00408524 0.00351844 0.00351844 0.00351844 0.00351844 0.00835164 0.00351844 0.00867344 0.00418059 0.00409988 0.00351844 0.00440406 0.0106983 0.00368109 0.00351844 0.00351844 0.00351844 0.00489688 0.00408524 0.00393069 0.00351844 0.00351844 0.00381837 0.00450893 0.00351844 0.00351844 0.00371648 0.00351844 0.0124579 0.0039927 0.00403466 0.00502876 0.00440406 0.00788002 0.00571443 0.00351844 0.00351844 0.00403466 0.00351844 0.00351844 0.00351844 0.00526092 0.00717849 0.00351844 0.00351844 0.00381837 0.00721759 0.00351844 0.00351844 0.00351844 0.00351844 0.00351844 ]
Iteration 16
Elite Score: 283
Pheromone levels: [0.00613633 0.00281475 0.00527629 0.00281475 0.00432507 0.0048243 0.00489022 0.00281475 0.00855006 0.00338155 0.00322773 0.00324042 0.00289103 0.00294487 0.00376096 0.00319416 0.00281475 0.00281475 0.00281475 0.00548269 0.00324042 0.00490625 0.00281475 0.00490625 0.00309557 0.00527629 0.00385417 0.00353998 0.00281475 0.00281475 0.00326819 0.00281475 0.00281475 0.00281475 0.00281475 0.00914285 0.00281475 0.00940029 0.00334447 0.0032799 0.00281475 0.00352325 0.00855866 0.00294487 0.00281475 0.00281475 0.00281475 0.0039175 0.00326819 0.00314455 0.00281475 0.00281475 0.00305469 0.00360714 0.00281475 0.00281475 0.00297318 0.00281475 0.0124279 0.00319416 0.00322773 0.00402301 0.00352325 0.00630401 0.00457154 0.00281475 0.00281475 0.00322773 0.00281475 0.00281475 0.00281475 0.00420874 0.00574279 0.00281475 0.00281475 0.00305469 0.00577407 0.00281475 0.00281475 0.00281475 0.00281475 0.00281475 ]
Iteration 17
Elite Score: 283
Pheromone levels: [0.00490906 0.0022518 0.00422103 0.0022518 0.00346006 0.00385944 0.00391217 0.0022518 0.00684004 0.00270524 0.00258218 0.0053042 0.00231282 0.0023559 0.00572063 0.00255533 0.0022518 0.0022518 0.0022518 0.00438615 0.00259234 0.003925 0.0022518 0.003925 0.00247646 0.00422103 0.00308333 0.00283198 0.0022518 0.0022518 0.00261455 0.0022518 0.0022518 0.0022518 0.0022518 0.0100261 0.0022518 0.00752023 0.00267557 0.00262392 0.0022518 0.0028186 0.00955879 0.0023559 0.0022518 0.0022518 0.0022518 0.00584587 0.00261455 0.00251564 0.0022518 0.0022518 0.00244375 0.00288571 0.0022518 0.0022518 0.00237854 0.0022518 0.0126542 0.00255533 0.00258218 0.00321841 0.0028186 0.00504321 0.00365723 0.0022518 0.0022518 0.00258218 0.0022518 0.0022518 0.0022518 0.00336699 0.00459423 0.0022518 0.0022518 0.00244375 0.00733112 0.0022518 0.0022518 0.0022518 0.0022518 0.0022518 ]
Iteration 18
Elite Score: 283
Pheromone levels: [0.00392725 0.00180144 0.00337682 0.00180144 0.00276805 0.00308755 0.00312974 0.00180144 0.00547204 0.00216419 0.00206575 0.00424336 0.00185026 0.00188472 0.00457651 0.00204426 0.00180144 0.00180144 0.00180144 0.00572499 0.00207387 0.00314 0.00180144 0.00314 0.00198117 0.00337682 0.00246667 0.00226559 0.00180144 0.00180144 0.00209164 0.00180144 0.00180144 0.00180144 0.00180144 0.00802091 0.00401751 0.00601618 0.00214046 0.00209914 0.00180144 0.00225488 0.00764703 0.00188472 0.00180144 0.00180144 0.00180144 0.00467669 0.00430771 0.00201251 0.00180144 0.00180144 0.001955 0.00230857 0.00401751 0.00180144 0.00190284 0.00180144 0.0123394 0.00204426 0.00206575 0.00479079 0.00225488 0.00403457 0.00292579 0.00180144 0.00180144 0.00206575 0.00180144 0.00180144 0.00180144 0.00269359 0.00589145 0.00180144 0.00180144 0.001955 0.0058649 0.00180144 0.00180144 0.00180144 0.00180144 0.00180144 ]
Iteration 19
Elite Score: 283
Pheromone levels: [0.0031418 0.00144115 0.00270146 0.00144115 0.00465346 0.00247004 0.00250379 0.00144115 0.00437763 0.00173135 0.0016526 0.00339469 0.00148021 0.00150777 0.00366121 0.00163541 0.00144115 0.00144115 0.00144115 0.00457999 0.0016591 0.002512 0.00144115 0.002512 0.00158493 0.00270146 0.00197333 0.00181247 0.00144115 0.00144115 0.00167331 0.00388018 0.00144115 0.00144115 0.00144115 0.00885576 0.00321401 0.00481295 0.00171237 0.00167931 0.00144115 0.0018039 0.00611762 0.00150777 0.00144115 0.00144115 0.00144115 0.00374136 0.00344617 0.00161001 0.00144115 0.00144115 0.001564 0.00184686 0.00321401 0.00144115 0.00152227 0.00144115 0.0123105 0.00163541 0.00409162 0.00383263 0.0018039 0.00322766 0.00234063 0.00144115 0.00144115 0.0016526 0.00144115 0.00144115 0.00144115 0.00215487 0.00715219 0.00144115 0.00144115 0.001564 0.00469192 0.00144115 0.00144115 0.00388018 0.00144115 0.00144115 ]
Iteration 20
Elite Score: 283
Pheromone levels: [0.00251344 0.00115292 0.00216117 0.00390206 0.00372277 0.00197604 0.00200303 0.00115292 0.0035021 0.00138508 0.00132208 0.00271575 0.00118417 0.00120622 0.00292896 0.00130833 0.00115292 0.00115292 0.00115292 0.00366399 0.00132728 0.0020096 0.00115292 0.0020096 0.00126795 0.00216117 0.00157867 0.00144998 0.00115292 0.00115292 0.00133865 0.00310414 0.00115292 0.00115292 0.00115292 0.00983375 0.0025712 0.00385036 0.00136989 0.00134345 0.00115292 0.00144312 0.0048941 0.00120622 0.00390206 0.00390206 0.00115292 0.00299308 0.00275693 0.00128801 0.00115292 0.00115292 0.0012512 0.00147749 0.0025712 0.00115292 0.00121781 0.00115292 0.0125976 0.00130833 0.0032733 0.00581525 0.00144312 0.00258212 0.0018725 0.00115292 0.00115292 0.00132208 0.00115292 0.00115292 0.00115292 0.0017239 0.00847089 0.00115292 0.00115292 0.0012512 0.00375353 0.00115292 0.00115292 0.00310414 0.00115292 0.00115292 ]
Iteration 21
Elite Score: 283
Pheromone levels: [0.00201075 0.000922337 0.00430128 0.00312165 0.00555056 0.00415318 0.00160243 0.000922337 0.00280168 0.00110807 0.00105766 0.0021726 0.000947333 0.000964975 0.00234317 0.00104666 0.000922337 0.000922337 0.000922337 0.00293119 0.00106182 0.00160768 0.000922337 0.00160768 0.00101436 0.00172893 0.00126293 0.00115998 0.000922337 0.000922337 0.00107092 0.00248331 0.000922337 0.000922337 0.000922337 0.0104393 0.00205696 0.00308029 0.00109592 0.00107476 0.000922337 0.0011545 0.00391528 0.000964975 0.00312165 0.00312165 0.000922337 0.00239447 0.00220555 0.00103041 0.000922337 0.000922337 0.00100096 0.00118199 0.00205696 0.000922337 0.000974252 0.000922337 0.0126504 0.00104666 0.00519098 0.0046522 0.0011545 0.0020657 0.001498 0.000922337 0.000922337 0.00105766 0.000922337 0.000922337 0.000922337 0.00137912 0.00934906 0.000922337 0.000922337 0.00100096 0.00300283 0.000922337 0.000922337 0.00248331 0.000922337 0.000922337 ]
Iteration 22
Elite Score: 283
Pheromone levels: [0.0016086 0.00073787 0.00581491 0.00249732 0.00444045 0.00332254 0.00128194 0.00073787 0.00224135 0.000886452 0.000846129 0.00173808 0.000757866 0.00077198 0.00187454 0.000837331 0.00073787 0.00073787 0.00073787 0.00471884 0.000849457 0.00128614 0.00073787 0.00128614 0.000811485 0.00138315 0.00101035 0.000927984 0.00073787 0.00073787 0.000856736 0.00198665 0.00073787 0.00073787 0.00073787 0.0107254 0.00164557 0.00246423 0.000876732 0.000859807 0.00073787 0.000923598 0.00313222 0.00077198 0.00487121 0.00249732 0.00073787 0.00191557 0.00176444 0.000824326 0.00073787 0.00073787 0.000800769 0.00094559 0.00164557 0.00073787 0.000779402 0.00073787 0.0124942 0.000837331 0.00415279 0.00372176 0.000923598 0.00165256 0.0011984 0.00073787 0.00073787 0.000846129 0.00073787 0.00073787 0.00073787 0.0011033 0.00985313 0.00073787 0.00311176 0.000800769 0.00240226 0.00073787 0.00073787 0.00198665 0.00073787 0.00073787 ]
Iteration 23
Elite Score: 283
Pheromone levels: [0.00128688 0.000590296 0.00740107 0.00199786 0.0063015 0.00265803 0.00102555 0.000590296 0.00179308 0.000709162 0.000676903 0.00139046 0.000606293 0.000617584 0.00424877 0.000669865 0.000590296 0.000590296 0.000590296 0.00377507 0.000679565 0.00102892 0.000590296 0.00102892 0.000649188 0.00110652 0.000808277 0.000742387 0.000590296 0.000590296 0.000685389 0.00158932 0.000590296 0.000590296 0.000590296 0.0113294 0.00131646 0.00197138 0.000701386 0.000687846 0.000590296 0.000738878 0.00250578 0.000617584 0.00389697 0.00199786 0.000590296 0.00153246 0.00141155 0.000659461 0.000590296 0.000590296 0.000640615 0.000756472 0.00131646 0.000590296 0.000623521 0.000590296 0.0127445 0.000669865 0.00332223 0.00297741 0.000738878 0.00132205 0.000958722 0.000590296 0.000590296 0.000676903 0.000590296 0.000590296 0.000590296 0.000882636 0.0106316 0.000590296 0.00248941 0.000640615 0.00192181 0.00333944 0.000590296 0.00158932 0.000590296 0.000590296 ]
Iteration 24
Elite Score: 283
Pheromone levels: [0.0010295 0.000472237 0.00867 0.00434743 0.0050412 0.00212643 0.000820442 0.000472237 0.00143446 0.00056733 0.000541523 0.00111237 0.000485034 0.000494067 0.00614816 0.000535892 0.000472237 0.000472237 0.000472237 0.00302006 0.000543652 0.000823133 0.000472237 0.000823133 0.000519351 0.000885214 0.000646622 0.00059391 0.000472237 0.000472237 0.000548311 0.00127146 0.000472237 0.000472237 0.000472237 0.0118127 0.00105317 0.00157711 0.000561109 0.000550277 0.000472237 0.000591103 0.00200462 0.000494067 0.00311757 0.00159828 0.000472237 0.00122597 0.00112924 0.000527569 0.000472237 0.000472237 0.000512492 0.000605178 0.00105317 0.000472237 0.000498817 0.000472237 0.0129447 0.000535892 0.00540693 0.00238193 0.000591103 0.00105764 0.000766977 0.000472237 0.000472237 0.000541523 0.000472237 0.000472237 0.000472237 0.000706109 0.0112545 0.000472237 0.00199152 0.000512492 0.00153745 0.00267155 0.000472237 0.00127146 0.000472237 0.000472237 ]
Iteration 25
Elite Score: 283
Pheromone levels: [0.000823604 0.000377789 0.00968514 0.00347794 0.00403296 0.00170114 0.000656354 0.000377789 0.00114757 0.003203 0.000433218 0.000889897 0.000388028 0.000395254 0.00766767 0.000428713 0.000377789 0.000377789 0.000377789 0.00516519 0.000434922 0.000658506 0.000377789 0.000658506 0.000415481 0.000708171 0.000517297 0.000475128 0.000377789 0.000377789 0.000438649 0.00101716 0.000377789 0.000377789 0.000377789 0.0121993 0.000842532 0.00126169 0.000448887 0.000440221 0.000377789 0.000472882 0.0016037 0.000395254 0.00249406 0.00127863 0.000377789 0.000980774 0.000903392 0.000422055 0.000377789 0.000377789 0.000409994 0.000484142 0.000842532 0.000377789 0.000399054 0.000377789 0.0131049 0.000428713 0.00432554 0.00190554 0.000472882 0.00084611 0.000613582 0.000377789 0.000377789 0.000433218 0.000377789 0.000377789 0.000377789 0.000564887 0.0117527 0.000377789 0.00159322 0.000409994 0.00122996 0.00213724 0.000377789 0.00101716 0.000377789 0.000377789 ]
Iteration 26
Elite Score: 283
Pheromone levels: [0.000658883 0.000302231 0.00774811 0.00278235 0.00322637 0.00136091 0.000525083 0.000302231 0.000918055 0.0025624 0.000346575 0.000711918 0.000310422 0.000316203 0.00888327 0.000342971 0.000302231 0.000302231 0.000302231 0.00688129 0.000347937 0.000526805 0.000302231 0.00327595 0.000332384 0.000566537 0.000413838 0.000380102 0.000302231 0.000302231 0.000350919 0.000813732 0.000302231 0.000302231 0.000302231 0.0125086 0.000674026 0.00100935 0.00035911 0.000352177 0.000302231 0.000378306 0.00128296 0.000316203 0.00199525 0.0010229 0.000302231 0.000784619 0.000722713 0.00308678 0.000302231 0.000302231 0.000327995 0.000387314 0.000674026 0.000302231 0.000319243 0.000302231 0.0132331 0.000342971 0.00346043 0.00152443 0.000378306 0.000676888 0.000490865 0.000302231 0.000302231 0.000346575 0.000302231 0.000302231 0.000302231 0.00045191 0.0121513 0.000302231 0.00127458 0.000327995 0.000983967 0.00170979 0.000302231 0.000813732 0.000302231 0.000302231 ]
Iteration 27
Elite Score: 283
Pheromone levels: [0.000527106 0.000241785 0.00894763 0.00222588 0.00258109 0.00108873 0.000420066 0.000241785 0.000734444 0.00204992 0.00027726 0.000569534 0.000248338 0.000252962 0.00710662 0.000274377 0.000241785 0.000241785 0.000241785 0.00825417 0.00027835 0.000421444 0.000241785 0.00262076 0.000265908 0.00045323 0.00033107 0.000304082 0.000241785 0.000241785 0.000280735 0.000650986 0.000241785 0.000241785 0.000241785 0.012756 0.000539221 0.000807479 0.000287288 0.000281742 0.000241785 0.000302645 0.00102637 0.000252962 0.0015962 0.000818322 0.000241785 0.000627695 0.000578171 0.00246943 0.000241785 0.00299093 0.000262396 0.000309851 0.000539221 0.000241785 0.000255394 0.000241785 0.0133356 0.00302352 0.00276835 0.00121955 0.000302645 0.000541511 0.000392692 0.000241785 0.000241785 0.00027726 0.000241785 0.000241785 0.000241785 0.000361528 0.0124702 0.000241785 0.00101966 0.000262396 0.000787173 0.00136783 0.000241785 0.000650986 0.000241785 0.000241785 ]
Iteration 28
Elite Score: 283
Pheromone levels: [0.000421685 0.000193428 0.0071581 0.00178071 0.00481402 0.000870984 0.000336053 0.000193428 0.000587555 0.00163994 0.000221808 0.000455627 0.00019867 0.00020237 0.0056853 0.00296864 0.000193428 0.000193428 0.000193428 0.00660334 0.00022268 0.000337155 0.000193428 0.00209661 0.000212726 0.000362584 0.000264856 0.000243265 0.000193428 0.000193428 0.000224588 0.000520788 0.000193428 0.000193428 0.000193428 0.0129539 0.000431376 0.000645983 0.00022983 0.000225393 0.000193428 0.00299126 0.000821094 0.00020237 0.00127696 0.000654657 0.000193428 0.000502156 0.000462536 0.00197554 0.000193428 0.00239274 0.000209917 0.000247881 0.000431376 0.000193428 0.000204315 0.000193428 0.0134176 0.00241881 0.00221468 0.000975637 0.000242116 0.000433209 0.00306329 0.000193428 0.000193428 0.000221808 0.000193428 0.000193428 0.000193428 0.000289222 0.0127253 0.000193428 0.000815728 0.000209917 0.000629739 0.00109427 0.000193428 0.000520788 0.000193428 0.000193428 ]
Iteration 29
Elite Score: 283
Pheromone levels: [0.000337348 0.000154743 0.00572648 0.00142456 0.00667807 0.000696787 0.0030957 0.000154743 0.000470044 0.00131195 0.000177446 0.000364502 0.000158936 0.000161896 0.00454824 0.00520177 0.000154743 0.000154743 0.000154743 0.00528267 0.000178144 0.000269724 0.000154743 0.00167728 0.000170181 0.000290067 0.000211885 0.000194612 0.000154743 0.000154743 0.000179671 0.000416631 0.000154743 0.000154743 0.000154743 0.0103632 0.000345101 0.000516786 0.000183864 0.000180315 0.000154743 0.00239301 0.000656875 0.000161896 0.00102157 0.000523726 0.000154743 0.000401725 0.000370029 0.00158043 0.000154743 0.00191419 0.000167933 0.000198305 0.00317196 0.000154743 0.000163452 0.000154743 0.013561 0.00193505 0.00177174 0.000780509 0.000193693 0.000346567 0.00527749 0.000154743 0.000154743 0.000177446 0.000154743 0.000154743 0.000154743 0.000231378 0.0130071 0.000154743 0.000652583 0.000167933 0.000503791 0.000875413 0.000154743 0.000416631 0.000154743 0.000154743 ]
Iteration 30
Elite Score: 283
Pheromone levels: [0.000269878 0.000123794 0.00458119 0.00113965 0.00816931 0.00055743 0.00530341 0.000123794 0.000376035 0.00104956 0.000141957 0.000291602 0.000127149 0.000129517 0.00363859 0.00416142 0.000123794 0.000123794 0.000123794 0.00422614 0.000142515 0.000215779 0.000123794 0.00134183 0.000136145 0.000232054 0.000169508 0.00015569 0.000123794 0.000123794 0.000143736 0.000333305 0.000123794 0.000123794 0.000123794 0.00829052 0.000276081 0.000413429 0.000147091 0.000144252 0.000123794 0.0019144 0.0005255 0.00295637 0.000817253 0.000418981 0.000123794 0.00032138 0.000296023 0.00126435 0.000123794 0.00153135 0.000134347 0.000158644 0.00536442 0.000123794 0.000130762 0.000123794 0.0136756 0.00154804 0.00141739 0.000624408 0.000154954 0.000277253 0.00704885 0.000123794 0.000123794 0.000141957 0.000123794 0.000123794 0.000123794 0.000185102 0.0132325 0.000123794 0.000522066 0.000134347 0.000403033 0.000700331 0.000123794 0.000333305 0.000123794 0.000123794 ]
Iteration 31
Elite Score: 283
Pheromone levels: [0.000215903 0.000102394 0.00366495 0.000911721 0.0093623 0.000445944 0.00706959 0.000102394 0.000300828 0.000839648 0.000113566 0.000233281 0.000102394 0.000103613 0.00291087 0.00615599 0.000102394 0.000102394 0.000102394 0.00338091 0.000114012 0.000172623 0.000102394 0.00107346 0.000108916 0.000185643 0.000135606 0.000124552 0.000102394 0.000102394 0.000114989 0.000266644 0.000102394 0.000102394 0.000102394 0.00663242 0.000220865 0.000330743 0.000117673 0.000115401 0.000102394 0.00153152 0.0004204 0.0023651 0.000653802 0.000335185 0.000102394 0.000257104 0.000236819 0.00101148 0.000102394 0.00122508 0.000107477 0.000126915 0.00711839 0.000102394 0.00010461 0.000102394 0.0137674 0.00123843 0.00113391 0.000499526 0.000123963 0.000221803 0.00846593 0.000102394 0.000102394 0.000113566 0.000102394 0.000102394 0.000102394 0.000148082 0.0134129 0.000102394 0.000417653 0.000107477 0.000322426 0.000560265 0.000102394 0.000266644 0.000102394 0.000102394 ]
Iteration 32
Elite Score: 283
Pheromone levels: [0.000172722 0.000102394 0.00293196 0.000729377 0.0103167 0.000356755 0.00848252 0.000102394 0.000240663 0.000671719 0.000102394 0.000186625 0.000102394 0.000102394 0.0023287 0.00775164 0.000102394 0.000102394 0.000102394 0.00270473 0.000102394 0.0001380